Training Results 

Train Sample Name	Actual	Predicted	Error (*)	Conf (H/L)	Conf	No Call	Real Error	Correct Call	ARS	ERS	CBS	ES	FMT	MSS	LMS	MLS	OS	D5	Brier score
ARS_3	ARS	ERS	 * 	 H 	0.419	0	1	0	0.036	0.32	0.048	0.1	0.041	0.099	0.12	0.041	0.085	0.11	0.1
ARS_4	ARS	MSS	 * 	 L 	0.256	1	0	0	0.0094	0.064	0.042	0.14	0.033	0.24	0.18	0.038	0.12	0.13	0.058
ERS_1	ERS	ERS	   	 L 	0.196	1	0	0	0.042	0.2	0.054	0.13	0.047	0.12	0.13	0.048	0.11	0.12	0.64
ERS_2	ERS	ERS	   	 L 	0.254	1	0	0	0.04	0.23	0.053	0.12	0.045	0.12	0.13	0.047	0.1	0.12	0.59
CBS_1	CBS	CBS	   	 H 	0.541	0	0	1	0.033	0.04	0.41	0.042	0.033	0.056	0.21	0.027	0.087	0.063	0.35
CBS_2	CBS	CBS	   	 H 	0.569	0	0	1	0.033	0.039	0.43	0.04	0.034	0.052	0.21	0.027	0.079	0.06	0.32
ES_1	ES	ES	   	 L 	0.0938	1	0	0	0.077	0.077	0.056	0.15	0.047	0.13	0.14	0.054	0.13	0.14	0.72
ES_2	ES	ES	   	 L 	0.0938	1	0	0	0.077	0.077	0.056	0.15	0.047	0.13	0.14	0.054	0.13	0.14	0.72
ES_3	ES	ES	   	 L 	0.0935	1	0	0	0.076	0.079	0.056	0.15	0.048	0.13	0.14	0.054	0.13	0.14	0.72
FMT_1	FMT	OS	 * 	 L 	0.199	1	0	0	0.042	0.069	0.051	0.12	0.12	0.11	0.13	0.047	0.2	0.11	0.04
FMT_2	FMT	OS	 * 	 L 	0.219	1	0	0	0.042	0.068	0.05	0.12	0.11	0.11	0.13	0.046	0.21	0.11	0.044
MSS_1	MSS	LMS	 * 	 L 	0.196	1	0	0	0.071	0.07	0.052	0.12	0.043	0.16	0.2	0.05	0.11	0.12	0.04
MSS_2	MSS	LMS	 * 	 L 	0.213	1	0	0	0.056	0.073	0.05	0.11	0.042	0.16	0.21	0.048	0.13	0.12	0.044
MSS_3	MSS	LMS	 * 	 L 	0.212	1	0	0	0.068	0.063	0.05	0.1	0.041	0.17	0.21	0.046	0.14	0.11	0.044
MSS_4	MSS	LMS	 * 	 L 	0.217	1	0	0	0.073	0.066	0.05	0.11	0.043	0.16	0.21	0.048	0.12	0.11	0.044
LMS_1	LMS	MSS	 * 	 L 	0.245	1	0	0	0.067	0.057	0.045	0.096	0.037	0.23	0.13	0.038	0.19	0.11	0.053
LMS_2	LMS	OS	 * 	 H 	0.331	0	1	0	0.062	0.042	0.15	0.05	0.043	0.068	0.2	0.03	0.28	0.077	0.078
LMS_3	LMS	LMS	   	 H 	0.37	0	0	1	0.098	0.052	0.085	0.067	0.049	0.098	0.29	0.037	0.13	0.093	0.5
LMS_4	LMS	OS	 * 	 H 	0.438	0	1	0	0.077	0.039	0.051	0.054	0.043	0.093	0.2	0.027	0.34	0.08	0.12
MLS_1	MLS	MLS	   	 H 	0.698	0	0	1	0.024	0.04	0.031	0.076	0.027	0.073	0.079	0.51	0.067	0.076	0.24
MLS_2	MLS	MLS	   	 H 	0.698	0	0	1	0.024	0.04	0.031	0.076	0.027	0.073	0.079	0.51	0.066	0.076	0.24
MLS_3	MLS	MLS	   	 H 	0.698	0	0	1	0.024	0.04	0.031	0.076	0.027	0.073	0.079	0.51	0.066	0.076	0.24
MLS_4	MLS	MLS	   	 H 	0.698	0	0	1	0.024	0.04	0.031	0.076	0.027	0.074	0.079	0.51	0.066	0.076	0.24
OS_1	OS	LMS	 * 	 H 	0.368	0	1	0	0.082	0.055	0.05	0.087	0.051	0.11	0.29	0.039	0.13	0.11	0.084
OS_2	OS	LMS	 * 	 H 	0.387	0	1	0	0.086	0.052	0.061	0.078	0.057	0.1	0.3	0.037	0.13	0.1	0.09
OS_3	OS	LMS	 * 	 H 	0.386	0	1	0	0.085	0.048	0.11	0.061	0.046	0.098	0.3	0.034	0.13	0.088	0.09
OS_4	OS	LMS	 * 	 H 	0.404	0	1	0	0.087	0.052	0.06	0.077	0.047	0.1	0.31	0.036	0.13	0.099	0.096
OS_5	OS	LMS	 * 	 H 	0.366	0	1	0	0.099	0.048	0.056	0.066	0.059	0.13	0.29	0.034	0.13	0.091	0.084
OS_6	OS	LMS	 * 	 H 	0.383	0	1	0	0.071	0.049	0.13	0.058	0.047	0.085	0.3	0.035	0.14	0.086	0.09
D5	D5	D5	   	 H 	0.398	0	0	1	0.062	0.059	0.042	0.12	0.035	0.095	0.15	0.04	0.09	0.31	0.48
D5.1	D5	D5	   	 H 	0.398	0	0	1	0.062	0.059	0.042	0.12	0.035	0.095	0.15	0.04	0.09	0.31	0.48
D5.2	D5	D5	   	 H 	0.382	0	0	1	0.061	0.058	0.042	0.12	0.035	0.096	0.15	0.039	0.093	0.3	0.49


 Brier score (Train) = 
0.26
Class	Count	No Call	No Call (%)	Real Error	Real Error (%)	Correct Call	Correct Call (%)
ARS	2	1	0.5	1	0.5	0	0
CBS	2	0	0	0	0	2	1
D5	3	0	0	0	0	3	1
ERS	2	2	1	0	0	0	0
ES	3	3	1	0	0	0	0
FMT	2	2	1	0	0	0	0
LMS	4	1	0.25	2	0.5	1	0.25
MLS	4	0	0	0	0	4	1
MSS	4	4	1	0	0	0	0
OS	6	0	0	6	1	0	0
Total	32	13	0.40625	9	0.28125	10	0.3125


 Confusion Matrix (Train) 

V1	X...no.call	CBS	D5	ERS	LMS	MLS	OS
ARS	1	0	0	1	0	0	0
CBS	0	2	0	0	0	0	0
D5	0	0	3	0	0	0	0
ERS	2	0	0	0	0	0	0
ES	3	0	0	0	0	0	0
FMT	2	0	0	0	0	0	0
LMS	1	0	0	0	1	0	2
MLS	0	0	0	0	0	4	0
MSS	4	0	0	0	0	0	0
OS	0	0	0	0	6	0	0

 Test Results 

Test Sample Name	Actual	Predicted	Error (*)	Conf (H/L)	Conf	No Call	Real Error	Correct Call	ARS	ERS	CBS	ES	FMT	MSS	LMS	MLS	OS	D5	Brier score
ARS_1	ARS	ERS	 * 	 H 	0.383	0	1	0	0.035	0.3	0.048	0.1	0.041	0.11	0.13	0.042	0.086	0.11	0.09
ERS_3	ARS	MSS	 * 	 L 	0.264	1	0	0	0.029	0.13	0.041	0.11	0.034	0.24	0.17	0.036	0.1	0.11	0.058
CBS_3	ERS	CBS	 * 	 H 	0.41	0	1	0	0.04	0.043	0.33	0.048	0.038	0.061	0.23	0.031	0.11	0.072	0.11
CBS_4	CBS	CBS	   	 H 	0.583	0	0	1	0.033	0.037	0.44	0.037	0.033	0.051	0.21	0.026	0.079	0.058	0.31
ES_4	CBS	ES	 * 	 L 	0.277	1	0	0	0.073	0.064	0.047	0.24	0.039	0.12	0.13	0.045	0.1	0.13	0.058
ES_5	ES	ES	   	 H 	0.344	0	0	1	0.062	0.055	0.041	0.28	0.033	0.13	0.14	0.038	0.099	0.12	0.52
FMT_3	ES	OS	 * 	 L 	0.209	1	0	0	0.054	0.055	0.044	0.091	0.1	0.1	0.2	0.038	0.21	0.1	0.044
FMT_4	FMT	OS	 * 	 L 	0.214	1	0	0	0.044	0.061	0.045	0.1	0.11	0.12	0.16	0.041	0.21	0.11	0.044
MSS_5	FMT	MSS	 * 	 L 	0.245	1	0	0	0.061	0.057	0.043	0.11	0.035	0.23	0.19	0.038	0.13	0.1	0.053
MSS_6	MSS	MSS	   	 L 	0.183	1	0	0	0.041	0.077	0.04	0.13	0.038	0.2	0.18	0.037	0.14	0.12	0.64
MSS_7	MSS	MSS	   	 L 	0.2	1	0	0	0.055	0.053	0.039	0.11	0.037	0.21	0.19	0.041	0.16	0.11	0.62
MSS_8	MSS	LMS	 * 	 H 	0.325	0	1	0	0.091	0.043	0.09	0.054	0.043	0.11	0.27	0.031	0.18	0.081	0.073
LMS_5	MSS	LMS	 * 	 L 	0.219	1	0	0	0.059	0.055	0.039	0.083	0.049	0.15	0.22	0.032	0.21	0.097	0.048
LMS_6	LMS	LMS	   	 H 	0.363	0	0	1	0.082	0.049	0.053	0.074	0.046	0.098	0.29	0.035	0.17	0.099	0.5
LMS_7	LMS	LMS	   	 L 	0.205	1	0	0	0.048	0.054	0.087	0.11	0.034	0.14	0.21	0.036	0.18	0.11	0.62
MLS_5	LMS	LMS	   	 L 	0.249	1	0	0	0.05	0.044	0.19	0.054	0.037	0.08	0.24	0.03	0.2	0.08	0.58
MLS_6	LMS	MLS	 * 	 H 	0.674	0	1	0	0.025	0.041	0.032	0.079	0.028	0.076	0.082	0.49	0.069	0.078	0.24
MLS_7	MLS	LMS	 * 	 L 	0.145	1	0	0	0.042	0.059	0.047	0.15	0.036	0.13	0.18	0.058	0.17	0.13	0.032
OS_7	MLS	LMS	 * 	 H 	0.327	0	1	0	0.076	0.054	0.046	0.089	0.05	0.11	0.27	0.037	0.16	0.11	0.073
OS_8	MLS	LMS	 * 	 H 	0.362	0	1	0	0.073	0.047	0.15	0.057	0.048	0.082	0.29	0.034	0.14	0.084	0.084
OS_9	OS	LMS	 * 	 L 	0.286	1	0	0	0.096	0.04	0.044	0.05	0.043	0.15	0.26	0.029	0.22	0.078	0.068
OS_10	OS	LMS	 * 	 H 	0.403	0	1	0	0.093	0.052	0.065	0.073	0.056	0.12	0.31	0.036	0.11	0.095	0.096
OS_11	OS	LMS	 * 	 H 	0.366	0	1	0	0.088	0.048	0.058	0.068	0.052	0.1	0.29	0.034	0.16	0.094	0.084
D5.3	OS	D5	 * 	 H 	0.401	0	1	0	0.063	0.059	0.043	0.12	0.036	0.095	0.14	0.04	0.09	0.31	0.096
D5.1.1	OS	D5	 * 	 H 	0.398	0	1	0	0.062	0.059	0.042	0.12	0.035	0.095	0.15	0.04	0.09	0.31	0.096
D5.2.1	D5	D5	   	 L 	0.227	1	0	0	0.045	0.061	0.043	0.15	0.034	0.12	0.16	0.04	0.12	0.22	0.61


 Brier score (Test) = 
0.22
Class	Count	No Call	No Call (%)	Real Error	Real Error (%)	Correct Call	Correct Call (%)
ARS	2	1	0.5	1	0.5	0	0
CBS	2	1	0.5	0	0	1	0.5
D5	1	1	1	0	0	0	0
ERS	1	0	0	1	1	0	0
ES	2	1	0.5	0	0	1	0.5
FMT	2	2	1	0	0	0	0
LMS	4	2	0.5	1	0.25	1	0.25
MLS	3	1	0.333333333333333	2	0.666666666666667	0	0
MSS	4	3	0.75	1	0.25	0	0
OS	5	1	0.2	4	0.8	0	0
Total	26	13	0.5	10	0.384615384615385	3	0.115384615384615


 Confusion Matrix (Test) 

V1	X...no.call	CBS	D5	ERS	ES	LMS	MLS
ARS	1	0	0	1	0	0	0
CBS	1	1	0	0	0	0	0
D5	1	0	0	0	0	0	0
ERS	0	1	0	0	0	0	0
ES	1	0	0	0	1	0	0
FMT	2	0	0	0	0	0	0
LMS	2	0	0	0	0	1	1
MLS	1	0	0	0	0	2	0
MSS	3	0	0	0	0	1	0
OS	1	0	2	0	0	2	0
