Training Results 

Train Sample Name	Actual	Predicted	Error (*)	Conf (H/L)	Conf	No Call	Real Error	Correct Call	ARS	ERS	CBS	ES	FMT	MSS	LMS	MLS	OS	D5	Brier score
ARS_3	ARS	OS	 * 	 L 	0.0799	1	0	0	0.079	0.11	0.12	0.062	0.11	0.11	0.11	0.12	0.14	0.035	0.02
ARS_4	ARS	LMS	 * 	 L 	0.0997	1	0	0	0.094	0.082	0.079	0.079	0.087	0.14	0.15	0.11	0.14	0.03	0.022
ERS_1	ERS	OS	 * 	 L 	0.0999	1	0	0	0.076	0.1	0.14	0.059	0.1	0.099	0.1	0.13	0.15	0.045	0.022
ERS_2	ERS	OS	 * 	 L 	0.0747	1	0	0	0.08	0.11	0.12	0.062	0.11	0.12	0.12	0.12	0.14	0.034	0.02
CBS_1	CBS	OS	 * 	 L 	0.0979	1	0	0	0.098	0.077	0.072	0.087	0.08	0.14	0.14	0.12	0.15	0.033	0.022
CBS_2	CBS	OS	 * 	 L 	0.098	1	0	0	0.098	0.076	0.071	0.088	0.08	0.14	0.14	0.12	0.15	0.034	0.022
ES_1	ES	OS	 * 	 L 	0.0571	1	0	0	0.081	0.11	0.11	0.064	0.1	0.13	0.13	0.11	0.13	0.031	0.017
ES_2	ES	LMS	 * 	 L 	0.1	1	0	0	0.088	0.092	0.088	0.072	0.095	0.14	0.15	0.11	0.13	0.028	0.022
ES_3	ES	OS	 * 	 L 	0.1	1	0	0	0.076	0.1	0.14	0.059	0.1	0.099	0.1	0.13	0.15	0.044	0.022
FMT_1	FMT	OS	 * 	 L 	0.0747	1	0	0	0.08	0.11	0.12	0.062	0.11	0.12	0.12	0.12	0.14	0.034	0.02
FMT_2	FMT	OS	 * 	 L 	0.0798	1	0	0	0.079	0.11	0.12	0.062	0.11	0.11	0.11	0.12	0.14	0.036	0.02
MSS_1	MSS	LMS	 * 	 L 	0.0988	1	0	0	0.091	0.086	0.083	0.075	0.091	0.14	0.15	0.11	0.14	0.029	0.022
MSS_2	MSS	LMS	 * 	 L 	0.0995	1	0	0	0.087	0.094	0.089	0.071	0.096	0.14	0.15	0.11	0.13	0.028	0.022
MSS_3	MSS	OS	 * 	 L 	0.12	1	0	0	0.099	0.075	0.068	0.091	0.078	0.14	0.13	0.12	0.16	0.036	0.026
MSS_4	MSS	LMS	 * 	 L 	0.1	1	0	0	0.089	0.091	0.087	0.072	0.094	0.14	0.15	0.11	0.13	0.029	0.022
LMS_1	LMS	OS	 * 	 L 	0.0981	1	0	0	0.098	0.076	0.072	0.087	0.08	0.14	0.14	0.12	0.15	0.033	0.022
LMS_2	LMS	LMS	   	 L 	0.0995	1	0	0	0.093	0.083	0.08	0.078	0.088	0.14	0.15	0.11	0.14	0.03	0.72
LMS_3	LMS	LMS	   	 L 	0.0992	1	0	0	0.087	0.095	0.089	0.07	0.097	0.14	0.15	0.11	0.13	0.028	0.72
LMS_4	LMS	OS	 * 	 L 	0.12	1	0	0	0.099	0.075	0.069	0.091	0.078	0.14	0.13	0.12	0.16	0.036	0.026
MLS_1	MLS	OS	 * 	 L 	0.0571	1	0	0	0.081	0.11	0.11	0.064	0.1	0.13	0.13	0.11	0.13	0.031	0.017
MLS_2	MLS	LMS	 * 	 L 	0.0998	1	0	0	0.095	0.081	0.078	0.08	0.086	0.14	0.15	0.11	0.14	0.03	0.022
MLS_3	MLS	OS	 * 	 L 	0.0572	1	0	0	0.081	0.11	0.11	0.063	0.1	0.13	0.13	0.11	0.13	0.031	0.017
MLS_4	MLS	LMS	 * 	 L 	0.0997	1	0	0	0.094	0.082	0.079	0.079	0.087	0.14	0.15	0.11	0.14	0.03	0.022
OS_1	OS	LMS	 * 	 L 	0.0984	1	0	0	0.086	0.097	0.091	0.07	0.098	0.14	0.15	0.11	0.13	0.028	0.022
OS_2	OS	OS	   	 L 	0.0821	1	0	0	0.08	0.11	0.11	0.063	0.1	0.12	0.12	0.11	0.14	0.032	0.74
OS_3	OS	LMS	 * 	 L 	0.0998	1	0	0	0.095	0.081	0.078	0.08	0.086	0.14	0.15	0.11	0.14	0.03	0.022
OS_4	OS	LMS	 * 	 L 	0.078	1	0	0	0.083	0.1	0.097	0.067	0.1	0.14	0.14	0.11	0.13	0.029	0.02
OS_5	OS	LMS	 * 	 L 	0.0975	1	0	0	0.089	0.09	0.086	0.073	0.094	0.14	0.15	0.11	0.14	0.029	0.022
OS_6	OS	LMS	 * 	 L 	0.0999	1	0	0	0.096	0.08	0.077	0.081	0.085	0.14	0.15	0.11	0.14	0.031	0.022
D5	D5	D5	   	 H 	0.445	0	0	1	0.052	0.078	0.068	0.049	0.075	0.082	0.082	0.083	0.096	0.33	0.45
D5.1	D5	D5	   	 H 	0.445	0	0	1	0.052	0.078	0.068	0.049	0.075	0.082	0.081	0.083	0.096	0.33	0.45
D5.2	D5	D5	   	 H 	0.445	0	0	1	0.052	0.078	0.068	0.049	0.075	0.082	0.082	0.083	0.096	0.33	0.45


 Brier score (Train) = 
0.13
Class	Count	No Call	No Call (%)	Real Error	Real Error (%)	Correct Call	Correct Call (%)
ARS	2	2	1	0	0	0	0
CBS	2	2	1	0	0	0	0
D5	3	0	0	0	0	3	1
ERS	2	2	1	0	0	0	0
ES	3	3	1	0	0	0	0
FMT	2	2	1	0	0	0	0
LMS	4	4	1	0	0	0	0
MLS	4	4	1	0	0	0	0
MSS	4	4	1	0	0	0	0
OS	6	6	1	0	0	0	0
Total	32	29	0.90625	0	0	3	0.09375


 Confusion Matrix (Train) 

V1	X...no.call	D5
ARS	2	0
CBS	2	0
D5	0	3
ERS	2	0
ES	3	0
FMT	2	0
LMS	4	0
MLS	4	0
MSS	4	0
OS	6	0
